-55.3200484707057 6.16092290881507 -2.50649934528375
-41.467876578763 2.59637223008695 0.00912993971605708
-82.3887140267753 16.3341319737701 -9.4884351786176
-62.3438523189724 9.71371782215082 -4.97467433371807
-56.961274696429 7.77650668192937 -3.70118059574735
-47.5940070863126 4.38700770150063 -1.23793861234392
-77.5044973201876 15.0839997922989 -8.48158547085358
-70.0657504033178 13.1084665478747 -7.33713236280235
-45.0824877471091 3.45251372936089 -0.677408187053487
-44.0947572377178 3.16494394695338 -3.0349996183317
-87.3797514963568 18.6108429793797 -16.3877433609247
-46.5608185901016 2.35877553964895 -0.0887785826516267
34.1315630749115 -5.81177002751862 -14.7725671125763
14.4791454920545 -3.72724572448251 -2.84475206025589
22.3967446180897 -0.826683456077264 -11.0537100152327
22.0648768637384 -5.24181585073583 -3.56212690600991
26.2595199181351 -5.4344772151046 -5.66425658436999
30.7305969424159 -6.13084335566703 -8.58452712602341
50.2027365538664 -12.2093234406164 -29.5329355440663
45.8447939689084 -9.23828336883789 -20.7690449453226
64.3880619712168 -18.9669917701612 -68.0475208583277
48.4326953459563 -2.99161799468815 -19.3602067071706
80.3022711132271 32.6969140476022 2.55458841062118
42.8831525932685 3.05179572790133 -7.09428026941209
44.7989686002044 5.09544125054897 5.49252066645073
36.8643597639683 2.51376732608707 3.16136202264516
33.7828814040889 2.17718417051372 0.148592191003213
34.4679548087832 3.06059910458929 6.05742403385898
24.54889269197 1.3092527713912 6.85447666929598
29.7561877361848 3.50335374127673 5.40308095336286
16.0090261053341 -0.451360502317507 17.4013136998747
23.4337372679019 16.7311860239177 31.8449042367693
47.111025483602 58.730353091461 100
-25.8715599076976 -124.97597527654 57.1518999820098
-10.6633777251338 -36.389422644559 17.3794177346353
-13.0550679741815 -9.54831952343094 8.59044794465273
